MCC:  0.8485598813776427
Accuracy:  0.9824175824175824
Recall:  0.7666666666666667
